100 20.143046 73.333333 10
117 23.318735 85.0 10
134 25.392241 92.666667 10
152 28.422421 103.666667 10
169 28.476357 104.0 10
186 26.813581 98.0 10
203 23.145069 84.666667 10
220 19.854651 72.666667 10
237 18.472591 67.666667 10
255 16.652632 61.0 10
272 14.665365 53.666667 10
290 16.017386 47.0 8
307 14.987787 44.0 8
324 19.46617 50.0 7
341 20.51128 52.666667 7
358 22.198591 57.0 7
375 22.179531 57.0 7
393 24.891733 64.0 7
410 28.37237 73.0 7
427 30.037543 77.333333 7
461 23.568067 78.0 9
478 22.667986 75.0 9
496 20.65329 68.333333 9
513 17.125235 56.666667 9
530 14.095306 46.666667 9
547 17.726435 45.666667 7
564 20.447383 52.666667 7
581 20.171722 52.0 7
598 23.38649 60.333333 7
615 24.942202 64.333333 7
633 25.97114 67.0 7
650 28.560347 73.666667 7
667 31.130079 80.333333 7
701 26.841472 89.0 9
718 23.110467 76.666667 9
736 24.900778 82.666667 9
753 22.598671 75.0 9
770 20.78846 69.0 9
788 19.97571 66.333333 9
805 18.172191 60.333333 9
822 19.381074 64.333333 9
839 16.666366 55.333333 9
856 15.963464 53.0 9
873 14.957023 49.666667 9
890 15.471866 45.666667 8
907 23.139626 68.333333 8
925 32.190449 95.0 8
959 19.465578 71.666667 10
976 10.406124 38.333333 10
994 8.270458 18.333333 6
1012 17.668246 19.666667 3
1029 22.464748 25.0 3
1047 26.637642 29.666667 3
1064 28.717042 32.0 3
1081 30.790357 34.333333 3
1116 30.117341 44.666667 4
1150 25.731797 47.666667 5
1167 19.621956 36.333333 5
1184 17.279781 32.0 5
1201 15.48225 28.666667 5
1218 8.826922 16.333333 5
1236 19.437303 21.666667 3
1253 42.192248 47.0 3
1289 49.708224 92.0 5
1325 28.864263 106.333333 10
1342 23.46071 86.333333 10
1359 19.02307 70.0 10
1378 15.761721 58.0 10
1395 13.853456 51.0 10
1413 18.182934 53.666667 8
1430 17.046128 50.333333 8
1447 19.294469 57.0 8
1464 21.995014 65.0 8
1481 24.02325 71.0 8
1498 21.656632 64.0 8
1516 21.653082 64.0 8
1533 21.303602 63.0 8
1550 22.089277 65.333333 8
1567 23.660196 70.0 8
1584 23.661003 70.0 8
1601 25.009746 74.0 8
1618 25.119822 74.333333 8
1636 25.909985 76.666667 8
1653 25.349742 75.0 8
1670 25.119176 74.333333 8
1688 28.940031 85.666667 8
1705 30.061522 89.0 8
1740 25.297055 93.333333 10
1757 23.581036 87.0 10
1774 20.775967 76.666667 10
1791 17.329023 64.0 10
1810 16.612907 61.333333 10
1827 13.001817 48.0 10
1844 16.310768 42.333333 7
1861 19.647097 51.0 7
1878 21.317777 55.333333 7
1896 23.119392 60.0 7
1913 20.551448 53.333333 7
1930 24.268519 63.0 7
1947 26.063099 67.666667 7
1964 26.45127 68.666667 7
1981 29.011546 75.333333 7
1998 29.400297 76.333333 7
